%YAML:1.0
homographyR: !!opencv-matrix
   rows: 3
   cols: 3
   dt: d
   data: [ 1.3038471584405587e+000, 3.9479100259372936e-002,
       1.0559201570141734e+003, 1.3278257276238425e-001,
       1.1445984521786032e+000, -7.3884983157825431e+001,
       1.7271846717640147e-004, 6.7496034607613384e-005, 1. ]
homographyL: !!opencv-matrix
   rows: 3
   cols: 3
   dt: d
   data: [ 1.1768967382377391e+000, -6.4592804310659280e-002,
       9.3638056165576177e+002, 1.2135478195803404e-001,
       9.4894391072598883e-001, 3.0445031258047553e+001,
       1.6759505729891080e-004, -3.0116352090753686e-005, 1. ]
