%YAML:1.0
homographyR: !!opencv-matrix
   rows: 3
   cols: 3
   dt: d
   data: [ 1.2238123194247510e+000, -1.9044410575149582e-002,
       1.0487293547240406e+003, 1.4220728693167781e-001,
       1.0617633598806631e+000, -4.2535062562481805e+001,
       1.7322941104255791e-004, 2.0618888618368960e-005, 1. ]
homographyL: !!opencv-matrix
   rows: 3
   cols: 3
   dt: d
   data: [ 6.5639606692459096e-001, -4.1747043244230841e-001,
       8.7636520318227474e+002, 4.1574998766881421e+000,
       -8.0532846924115620e-001, 2.5301273195575365e+002,
       3.8211338053737733e-003, -1.5299582297657321e-003,
       9.9999999999999989e-001 ]
